00111100000001110000000000010100
00111100000000100000000000000100
10101100000000100000000000000000
00111100000000100000000000000101
10101100000000100000000000000100
00111100000000100000000000000011
10101100000000100000000000001000
00111100000000100000000000000010
10101100000000100000000000001100
00111100000000100000000000000001
10101100000000100000000000010000
00111100000000100000000000010000
00100000000000110000000000000000
00100000011001000000000000000100
10001100011001010000000000000000
10001100100001100000000000000000
00011100110001010000000000000001
00001000000000000000000000010111
00000000101001100010100000100000
00000000101001100011000000100010
00000000101001100010100000100010
10101100011001010000000000000000
10101100100001100000000000000000
00100000100001000000000000000100
00000000100001110010100000101010
00011100101000001111111111110100
00100000011000110000000000000100
00000000011000100010100000101010
00011100101000001111111111110000