001111 00000 00111 0000000000010100
001111 00000 00010 0000000000000100
101011 00000 00010 0000000000000000
001111 00000 00010 0000000000000101
101011 00000 00010 0000000000000100
001111 00000 00010 0000000000000011
101011 00000 00010 0000000000001000
001111 00000 00010 0000000000000010
101011 00000 00010 0000000000001100
001111 00000 00010 0000000000000001
101011 00000 00010 0000000000010000
001111 00000 00010 0000000000010000
001000 00000 00011 0000000000000000
001000 00011 00100 0000000000000100
100011 00011 00101 0000000000000000
100011 00100 00110 0000000000000000
000111 00110 00101 0000000000000001
000010 00000000000000000000010111
000000 00101 00110 00101 00000 100000
000000 00101 00110 00110 00000 100010
000000 00101 00110 00101 00000 100010
101011 00011 00101 0000000000000000
101011 00100 00110 0000000000000000
001000 00100 00100 0000000000000100
000000 00100 00111 00101 00000 101010
000111 00101 00000 1111111111110100
001000 00011 00011 0000000000000100
000000 00011 00010 00101 00000 101010
000111 00101 00000 1111111111110000